t	U	P	msd	sigmaxy	f2tdu2
0.01	0.00180165	0.302569	0.00442525	0.000304836	-0.132514
0.02	0.00202509	0.302576	0.00784936	-0.0029123	-0.149158
0.03	0.00228479	0.302585	0.0113244	-0.00635102	-0.168445
0.04	0.0025582	0.302593	0.0161012	0.00494407	-0.18872
0.05	0.00280195	0.302601	0.0184265	0.00954891	-0.206466
0.06	0.00296142	0.302606	0.0220345	0.000797901	-0.218586
0.07	0.00384904	0.302633	0.0271912	0.0316767	-0.283419
0.08	0.00434769	0.302648	0.0310804	0.0202888	-0.319213
0.09	0.00519187	0.302672	0.0330978	0.0930447	-0.375125
0.1	0.00540723	0.302678	0.0369997	0.130808	-0.388895
0.11	0.00671569	0.302714	0.0414236	0.0513397	-0.464635
0.12	0.0076349	0.302738	0.0437337	0.12631	-0.509488
0.13	0.00681108	0.302719	0.0451276	-0.133097	-0.482113
0.14	0.00745732	0.302738	0.0479924	0.0101849	-0.531168
0.15	0.00757739	0.302743	0.049968	-0.0935715	-0.541997
0.16	0.00971981	0.302799	0.0528358	-0.0317783	-0.668021
0.17	0.0103178	0.302816	0.056514	-0.0661393	-0.708331
0.18	0.0104201	0.302819	0.0560044	-0.264008	-0.712843
0.19	0.0128196	0.302883	0.0624582	-0.263551	-0.846996
0.2	0.0126328	0.30288	0.0645824	-0.188	-0.846994
0.21	0.0124994	0.302878	0.0693544	-0.0239663	-0.849147
0.22	0.0136377	0.302904	0.0740398	0.194839	-0.859652
0.23	0.0119668	0.302864	0.0747473	0.182845	-0.813978
0.24	0.012176	0.30287	0.0796818	0.309276	-0.824447
0.25	0.0115581	0.302855	0.0823738	0.192193	-0.807816
0.26	0.011109	0.302842	0.084344	0.274055	-0.78244
0.27	0.013156	0.302896	0.0889624	0.187277	-0.894015
0.28	0.0167673	0.302985	0.0921383	0.307708	-1.00504
0.29	0.0171998	0.302995	0.0937649	-0.0324033	-0.997063
0.3	0.0189897	0.303035	0.0931422	0.0263491	-0.964673
0.31	0.0243108	0.303164	0.0989715	0.183393	-0.943907
0.32	0.0279972	0.303257	0.104601	0.361299	-1.14129
0.33	0.0421225	0.303575	0.111501	0.548072	-0.0936156
0.34	0.0420027	0.303585	0.114442	0.371402	-0.771696
0.35	0.0357971	0.30345	0.11654	-0.0800791	-1.16831
0.36	0.0405721	0.303534	0.119665	1.99051	1.41031
0.37	0.0513946	0.303784	0.129342	1.53577	2.24557
0.38	0.0552784	0.303877	0.134379	1.41411	1.89408
0.39	0.0640802	0.304071	0.135331	0.751915	2.63767
0.4	0.0664795	0.304097	0.141697	2.81564	4.82637
0.41	0.0435036	0.303628	0.140778	1.16834	-0.872547
0.42	0.0409359	0.303576	0.144546	-0.494378	-1.14579
0.43	0.0416517	0.303592	0.147997	-0.457394	-0.990292
0.44	0.0484065	0.303747	0.154051	0.464195	-0.569566
0.45	0.0523743	0.303853	0.162312	1.40308	-1.12671
0.46	0.0516397	0.303839	0.159425	-0.111777	-1.36347
0.47	0.0533526	0.303872	0.162433	-0.811669	-1.06027
0.48	0.0644866	0.304111	0.168486	1.00699	1.27874
0.49	0.0566944	0.303957	0.169197	-1.21221	-1.07781
0.5	0.0676087	0.304158	0.174255	-4.96457	3.79152
0.51	0.0826018	0.304493	0.182947	-3.29897	4.69605
0.52	0.0952492	0.304731	0.184374	-4.05955	11.7765
0.53	0.0792059	0.304423	0.185036	-1.3878	4.16636
0.54	0.0904435	0.304663	0.184496	-1.26331	5.49512
0.55	0.0832075	0.304516	0.185587	-0.345312	3.13994
0.56	0.0947335	0.304761	0.190326	0.915374	6.29496
0.57	0.0940593	0.30471	0.193706	3.11749	9.93098
0.58	0.0712234	0.304251	0.201329	1.81254	3.63776
0.59	0.064139	0.304102	0.19439	3.39021	1.56869
0.6	0.0657563	0.30414	0.201141	4.44184	1.48263
0.61	0.0831643	0.304493	0.211898	6.66928	6.88619
0.62	0.0556231	0.30392	0.20973	4.39244	0.0705816
0.63	0.0626755	0.30408	0.220458	5.87034	1.1574
0.64	0.0706721	0.304258	0.225191	7.82263	2.38425
0.65	0.073183	0.30431	0.223497	7.80891	2.227
0.66	0.0754617	0.304344	0.223909	6.29864	3.98661
0.67	0.0872859	0.30461	0.232212	6.8241	5.5595
0.68	0.0999841	0.30486	0.237548	7.60453	12.8346
0.69	0.109416	0.305109	0.246803	7.47229	6.36233
0.7	0.095466	0.304828	0.246423	5.29761	2.32048
0.71	0.111624	0.305154	0.247082	8.17791	5.46756
0.72	0.114396	0.305237	0.254235	9.12431	3.80935
0.73	0.124547	0.305417	0.25992	2.69415	14.4165
0.74	0.125803	0.305475	0.258142	0.591889	11.6364
0.75	0.115526	0.305282	0.264243	4.57809	4.96044
0.76	0.117692	0.305307	0.268178	1.60361	9.98095
0.77	0.123045	0.305357	0.276065	1.24095	31.9832
0.78	0.113558	0.305148	0.279406	-1.80457	34.5535
0.79	0.0796048	0.304512	0.273492	3.00408	1.59051
0.8	0.0738098	0.304383	0.271208	3.01935	-0.0658945
0.81	0.081476	0.304539	0.275159	3.11036	3.09338
0.82	0.0734495	0.304373	0.277153	1.09754	0.0163435
0.83	0.0729054	0.304371	0.283035	0.212297	-1.13977
0.84	0.0667824	0.304247	0.29333	-0.39849	-2.06067
0.85	0.0734779	0.30438	0.296999	0.191083	-0.772308
0.86	0.0771159	0.304465	0.303255	-1.1282	-0.662896
0.87	0.0838356	0.304603	0.305989	-1.69923	1.26496
0.88	0.0878577	0.30471	0.309503	-2.6104	-0.152884
0.89	0.107653	0.305033	0.309639	-1.44494	22.4101
0.9	0.099097	0.30495	0.319552	-0.343793	1.63896
0.91	0.104135	0.305033	0.321868	-1.89151	6.06603
0.92	0.0874543	0.3047	0.317339	-0.88845	0.605187
0.93	0.0874851	0.304677	0.323562	-0.418334	1.59579
0.94	0.107612	0.305111	0.335546	-2.07111	4.60272
0.95	0.106705	0.305039	0.339788	0.942414	12.6356
0.96	0.102616	0.304924	0.337467	0.521024	16.3628
0.97	0.0881619	0.304641	0.335314	0.262575	8.35508
0.98	0.0928005	0.304772	0.33738	-0.271628	4.94726
0.99	0.0848878	0.304638	0.345179	-0.464835	-0.183817
1	0.0812109	0.304555	0.34512	0.079864	0.0295181
1.01	0.0744525	0.304419	0.346982	0.485452	-1.96922
1.02	0.098302	0.304936	0.352442	1.82324	2.07595
1.03	0.10682	0.305073	0.353855	2.00792	8.88376
1.04	0.136231	0.305594	0.358264	1.18794	37.3782
1.05	0.13361	0.305541	0.358482	0.331597	34.9373
1.06	0.112097	0.305204	0.369388	2.65707	5.50327
1.07	0.130968	0.305575	0.377587	5.03773	12.1868
1.08	0.108042	0.30513	0.381017	4.96082	3.38323
1.09	0.0858853	0.304673	0.379125	6.62096	-1.11668
1.1	0.0822726	0.304589	0.381147	5.51919	-1.40283
1.11	0.0814308	0.304562	0.377527	5.10742	-1.10988
1.12	0.0822791	0.304576	0.381563	6.72643	-0.665849
1.13	0.118709	0.305234	0.380429	13.5464	27.4081
1.14	0.102045	0.304956	0.381595	8.9633	7.05433
1.15	0.100604	0.304928	0.391065	9.48071	7.56618
1.16	0.105137	0.304972	0.388148	10.6748	18.6001
1.17	0.0805554	0.304518	0.380558	5.53769	1.15738
1.18	0.0882281	0.304691	0.396515	3.93374	3.45632
1.19	0.0970871	0.304883	0.398081	1.9598	2.68144
1.2	0.107958	0.305102	0.403921	2.00461	8.98402
1.21	0.0939263	0.304836	0.400505	-0.160601	-0.475524
1.22	0.101994	0.305001	0.405168	-0.467785	0.778036
1.23	0.103692	0.305033	0.404665	-1.72412	3.69719
1.24	0.127741	0.305506	0.404145	-4.13556	19.3876
1.25	0.129859	0.305597	0.403137	-2.14315	8.61095
1.26	0.126952	0.30555	0.407136	-5.36863	5.89224
1.27	0.149066	0.30593	0.407793	-6.68413	25.5289
1.28	0.145615	0.305871	0.404433	-1.63077	19.8586
1.29	0.147584	0.305883	0.405739	0.235902	31.295
1.3	0.133858	0.305638	0.401539	7.48407	19.6118
1.31	0.125427	0.305501	0.409796	4.53892	9.13088
1.32	0.131513	0.305635	0.414807	5.99083	9.37766
1.33	0.139558	0.305787	0.422558	4.04667	12.4796
1.34	0.126166	0.30554	0.428661	3.29525	6.2373
1.35	0.125121	0.30552	0.437052	2.69369	6.09797
1.36	0.117157	0.305341	0.441984	0.807311	7.05932
1.37	0.115419	0.305364	0.446882	0.22718	0.646666
1.38	0.134217	0.305756	0.453977	-0.486472	4.46616
1.39	0.129761	0.30566	0.452185	1.96528	5.35439
1.4	0.139355	0.305845	0.456483	2.45246	10.0254
1.41	0.127228	0.305609	0.454276	1.65698	7.41959
1.42	0.102781	0.305088	0.454901	-0.230695	0.599583
1.43	0.11878	0.305429	0.458402	-2.9564	3.31498
1.44	0.133221	0.305714	0.465053	-4.06535	10.9542
1.45	0.150031	0.306064	0.472332	-3.67749	19.3061
1.46	0.153746	0.306169	0.475884	-0.538455	10.8742
1.47	0.146963	0.306023	0.479807	-2.49928	8.82284
1.48	0.1314	0.305737	0.482512	-7.65267	-1.1085
1.49	0.145258	0.306	0.48611	-5.32337	5.64418
1.5	0.135619	0.305811	0.488814	-4.94993	3.08378
1.51	0.15828	0.306246	0.486981	-8.17365	13.6575
1.52	0.164998	0.306417	0.500044	-8.54132	12.1657
1.53	0.168561	0.306551	0.512839	-9.00867	6.99816
1.54	0.153587	0.306239	0.513676	-9.85568	2.26399
1.55	0.168204	0.306516	0.512958	-8.84762	8.15817
1.56	0.170409	0.306568	0.513301	-6.40452	7.35474
1.57	0.151582	0.306174	0.514251	-5.05172	3.39761
1.58	0.174726	0.306648	0.516694	-8.54001	10.9586
1.59	0.172763	0.306608	0.52825	-8.71645	11.0114
1.6	0.159644	0.306349	0.533471	-6.77055	4.11039
1.61	0.162015	0.306405	0.533622	-8.04649	4.59917
1.62	0.131081	0.305759	0.530182	-7.72009	-0.807791
1.63	0.130375	0.305755	0.534272	-5.03344	-1.47717
1.64	0.132908	0.305798	0.539169	-3.68956	0.366211
1.65	0.130295	0.305709	0.542173	-3.37471	5.16558
1.66	0.118773	0.305461	0.530689	-3.65871	2.18723
1.67	0.135912	0.305822	0.53395	-0.444492	4.55615
1.68	0.151102	0.306147	0.533826	-2.88786	9.36422
1.69	0.167236	0.306487	0.52704	-10.049	11.6448
1.7	0.169929	0.306558	0.533838	-7.79161	7.52252
1.71	0.159407	0.306343	0.530676	-5.24382	4.06327
1.72	0.160803	0.30637	0.531828	-4.05054	5.71296
1.73	0.194484	0.307071	0.537927	1.96207	16.1825
1.74	0.181566	0.306852	0.541779	-0.281655	5.83593
1.75	0.215699	0.307488	0.551745	-3.2168	27.2812
1.76	0.225371	0.307742	0.557217	-0.44036	18.0401
1.77	0.229075	0.307763	0.555006	0.950042	32.463
1.78	0.216011	0.307559	0.559473	-4.42991	11.5252
1.79	0.198856	0.307174	0.554708	-4.10282	14.4438
1.8	0.204607	0.307298	0.55648	-3.68883	13.4197
1.81	0.220574	0.307621	0.564228	-4.56504	22.7761
1.82	0.213671	0.307468	0.554618	-10.2972	23.2062
1.83	0.179588	0.306827	0.561684	-4.46926	8.59494
1.84	0.172709	0.306715	0.563864	-1.60705	1.31433
1.85	0.166024	0.306567	0.563505	1.24794	1.12085
1.86	0.171879	0.306709	0.561645	2.35916	-0.0949806
1.87	0.163076	0.306503	0.565921	1.13706	1.4039
1.88	0.169465	0.306629	0.554961	5.3243	2.54389
1.89	0.189387	0.307032	0.553886	2.51329	6.40858
1.9	0.179982	0.30685	0.556782	1.04088	3.35514
1.91	0.174132	0.306686	0.565686	-0.172278	10.0497
1.92	0.186735	0.306967	0.565251	1.46957	7.34605
1.93	0.203173	0.307266	0.563193	0.698095	18.3438
1.94	0.193426	0.307055	0.567435	-4.5417	22.3427
1.95	0.200729	0.307238	0.584069	-0.786375	14.4525
1.96	0.196334	0.307151	0.587191	1.32298	12.9422
1.97	0.184333	0.306912	0.589826	0.154052	6.90568
1.98	0.19452	0.307034	0.586573	-0.647134	25.0729
1.99	0.168631	0.306534	0.577017	-3.75371	9.97046
2	0.157014	0.306293	0.574715	-2.72831	6.1651
2.01	0.169041	0.30652	0.583479	-1.84447	12.6593
2.02	0.205158	0.307233	0.600996	-8.71724	42.4327
2.03	0.182227	0.306783	0.612799	-7.45065	33.3111
2.04	0.140515	0.305981	0.604343	-2.74085	2.85353
2.05	0.124281	0.305622	0.61018	-2.69283	0.673931
2.06	0.123372	0.305608	0.617633	-2.63332	0.015188
2.07	0.143432	0.306	0.624327	-1.4296	11.1671
2.08	0.170063	0.306459	0.628133	-5.71703	44.3482
2.09	0.141937	0.305992	0.631419	-2.71202	3.58481
2.1	0.161006	0.306391	0.641763	-5.20335	8.99055
2.11	0.227323	0.307504	0.651933	-9.25955	138.398
2.12	0.197236	0.30713	0.656619	-10.1603	17.8595
2.13	0.172788	0.306655	0.659433	-4.01069	6.57884
2.14	0.176887	0.306734	0.65837	-1.22784	10.4537
2.15	0.170944	0.306592	0.658729	-2.03083	13.2285
2.16	0.147615	0.306152	0.651546	-3.60846	-0.149574
2.17	0.15719	0.306342	0.654781	-1.05229	3.21415
2.18	0.164148	0.306451	0.653398	-0.133196	8.65467
2.19	0.163141	0.306405	0.646089	-3.77716	10.0804
2.2	0.211602	0.307273	0.642359	6.02978	64.496
2.21	0.150085	0.306122	0.653871	0.522095	6.23213
2.22	0.14743	0.306076	0.668421	-4.41526	6.01722
2.23	0.130644	0.305756	0.66847	-4.20264	-1.87169
2.24	0.133569	0.305784	0.672561	-6.94366	1.27062
2.25	0.153828	0.306194	0.67357	-5.42492	4.20098
2.26	0.158685	0.306292	0.659682	-5.79343	4.4572
2.27	0.193677	0.306926	0.659763	3.20617	32.6107
2.28	0.185746	0.306816	0.661706	0.671931	17.2489
2.29	0.160776	0.306348	0.668006	-0.727554	5.24264
2.3	0.171339	0.306548	0.673683	-1.38184	11.9012
2.31	0.203618	0.307127	0.674483	1.15071	41.1909
2.32	0.209939	0.307282	0.677791	-2.73488	36.8098
2.33	0.177214	0.306657	0.676909	-2.54484	18.1367
2.34	0.172889	0.306585	0.682456	-2.93011	10.8354
2.35	0.161967	0.306345	0.682284	-0.505072	11.4797
2.36	0.138886	0.30592	0.681431	-3.47492	0.986067
2.37	0.146986	0.306091	0.68954	-5.69602	1.22908
2.38	0.167063	0.306457	0.693308	-6.1572	15.9594
2.39	0.144331	0.30599	0.687617	-3.09057	5.21011
2.4	0.157601	0.306249	0.683278	-1.77376	12.2803
2.41	0.182785	0.306734	0.693339	-2.63066	27.9924
2.42	0.143472	0.306007	0.702797	-1.4406	2.31497
2.43	0.126617	0.305657	0.705725	-2.78412	-1.14313
2.44	0.153769	0.306171	0.707018	-0.217584	12.8191
2.45	0.139389	0.305893	0.702918	0.452056	5.00648
2.46	0.134897	0.305801	0.703321	-0.0737545	5.57421
2.47	0.148595	0.306075	0.700609	-3.85147	12.4374
2.48	0.153202	0.306177	0.69501	-0.000414079	10.0198
2.49	0.145746	0.306039	0.711573	-1.45184	4.2648
2.5	0.149781	0.306113	0.721568	-1.23454	6.68597
2.51	0.125974	0.30565	0.727013	-1.53475	-1.68922
2.52	0.143228	0.306014	0.719412	-4.87755	1.08155
2.53	0.143921	0.306021	0.72226	-6.44504	1.77712
2.54	0.166569	0.306473	0.715177	-5.74585	12.3023
2.55	0.156319	0.306288	0.721184	-0.922042	3.39427
2.56	0.163099	0.306408	0.724669	-0.211696	8.14892
2.57	0.15105	0.306184	0.741727	-2.68233	3.25885
2.58	0.159226	0.306369	0.745458	-6.54781	3.31144
2.59	0.15185	0.306218	0.745134	-3.84523	2.60941
2.6	0.177716	0.306741	0.749285	-12.6245	8.89326
2.61	0.201225	0.3072	0.756576	-14.6548	19.3359
2.62	0.195765	0.307113	0.766222	-11.4433	12.8949
2.63	0.217501	0.307553	0.769513	-6.32953	22.6062
2.64	0.232972	0.307856	0.774027	-9.07078	28.669
2.65	0.181386	0.306826	0.773039	-9.17476	8.18046
2.66	0.211867	0.307428	0.780395	-4.65982	17.815
2.67	0.208272	0.30735	0.777346	2.30451	20.7386
2.68	0.239288	0.307918	0.787084	7.21783	46.3606
2.69	0.210641	0.30744	0.790043	3.55843	19.3055
2.7	0.226672	0.307752	0.791392	-7.45669	18.35
2.71	0.198342	0.307181	0.797401	-8.89876	13.5207
2.72	0.205149	0.307246	0.794598	-8.7725	26.2617
2.73	0.220164	0.307574	0.796449	-11.0502	20.9545
2.74	0.21309	0.307455	0.780594	-7.19029	20.7797
2.75	0.179749	0.306801	0.77292	-5.84357	5.23289
2.76	0.196956	0.307148	0.775506	-8.04061	10.957
2.77	0.169	0.306572	0.779896	-5.89499	5.64094
2.78	0.173544	0.306689	0.793287	-4.15973	4.16971
2.79	0.183817	0.306869	0.793873	-4.71117	12.6837
2.8	0.170898	0.306622	0.800078	-1.20128	5.90603
2.81	0.179823	0.306797	0.798798	-1.25686	9.41058
2.82	0.192286	0.307054	0.790548	-5.90229	12.4717
2.83	0.176861	0.306754	0.791937	-4.72629	7.37115
2.84	0.174467	0.306685	0.783309	-4.23966	9.05595
2.85	0.184455	0.306869	0.791493	-3.96218	13.9946
2.86	0.164999	0.306496	0.784866	-2.62414	4.09996
2.87	0.181554	0.306846	0.789286	-1.91863	8.35272
2.88	0.213878	0.307436	0.784161	-0.487944	27.4224
2.89	0.207978	0.307279	0.788311	-5.1613	45.071
2.9	0.196277	0.307107	0.788624	1.32693	22.0023
2.91	0.220539	0.307592	0.795573	-1.34361	29.2284
2.92	0.227231	0.307721	0.796714	7.88575	35.0597
2.93	0.22013	0.307602	0.802624	4.31477	24.3037
2.94	0.189015	0.307014	0.80041	2.51216	6.15954
2.95	0.156061	0.306332	0.796853	1.80175	0.819445
2.96	0.1865	0.306879	0.794728	0.837461	18.9903
2.97	0.197978	0.30715	0.802411	4.94615	17.2346
2.98	0.201836	0.307166	0.795806	4.754	35.8191
2.99	0.197969	0.307123	0.800458	12.5271	23.233
3	0.211326	0.307379	0.791905	14.9057	30.2174
3.01	0.251607	0.30814	0.797994	21.8265	63.2915
3.02	0.242604	0.307914	0.803248	23.0237	80.413
3.03	0.175737	0.306679	0.809657	13.3658	15.5855
3.04	0.162958	0.306415	0.806783	9.27704	9.61275
3.05	0.183985	0.306851	0.810639	7.05095	15.2049
3.06	0.197473	0.307144	0.815165	3.77794	17.0918
3.07	0.217211	0.307509	0.821496	5.66041	31.637
3.08	0.196245	0.307126	0.824315	3.76224	16.5751
3.09	0.188906	0.306992	0.825442	2.64746	12.6719
3.1	0.194529	0.307107	0.813844	6.58492	17.2388
3.11	0.194843	0.307105	0.81534	4.08634	14.8649
3.12	0.189712	0.307001	0.810228	6.05609	12.2316
3.13	0.160055	0.306399	0.80126	6.28516	3.73755
3.14	0.162724	0.306459	0.803572	7.18536	4.01375
3.15	0.165439	0.306499	0.801936	5.12867	5.28688
3.16	0.161379	0.306402	0.817816	2.98861	3.94206
3.17	0.159581	0.30634	0.809971	4.67536	7.59279
3.18	0.16039	0.306354	0.802291	6.84811	7.08033
3.19	0.171764	0.306604	0.80692	4.83666	9.28652
3.2	0.184736	0.306887	0.813127	4.70333	11.0917
3.21	0.185205	0.306925	0.799071	7.80233	6.95733
3.22	0.183598	0.30691	0.800076	4.16758	6.058
3.23	0.184376	0.306943	0.817824	3.75274	3.50228
3.24	0.167092	0.306543	0.814944	4.08776	3.74336
3.25	0.180494	0.306796	0.824754	1.9853	8.85366
3.26	0.184	0.306919	0.837699	6.49739	6.32364
3.27	0.206456	0.307363	0.844685	8.08919	12.9381
3.28	0.204688	0.307337	0.85194	4.40184	9.12708
3.29	0.218937	0.307613	0.851262	0.275968	15.601
3.3	0.219755	0.307671	0.850437	-2.91704	12.6109
3.31	0.234167	0.307933	0.853923	-4.6521	20.637
3.32	0.231261	0.307896	0.873304	-4.4044	17.08
3.33	0.237376	0.308029	0.870858	-4.08417	18.2011
3.34	0.249961	0.308265	0.865696	-3.5098	25.4817
3.35	0.197371	0.307207	0.857287	4.9496	6.62846
3.36	0.19421	0.307113	0.85974	7.03706	11.2094
3.37	0.191414	0.307034	0.851353	3.40746	11.5988
3.38	0.224493	0.307655	0.863605	1.47177	41.5118
3.39	0.202302	0.307282	0.860754	1.68125	10.1005
3.4	0.207384	0.307407	0.871937	0.276389	9.25763
3.41	0.219281	0.307617	0.87775	3.43404	18.0747
3.42	0.204285	0.307346	0.874535	3.51891	8.55466
3.43	0.191797	0.307107	0.880279	2.77503	5.20692
3.44	0.167111	0.306574	0.893066	4.16101	1.85861
3.45	0.170096	0.306635	0.904962	2.69166	4.03462
3.46	0.172874	0.306691	0.910261	2.58555	4.15665
3.47	0.189949	0.307064	0.913929	1.30569	6.27983
3.48	0.159313	0.306426	0.916146	1.34786	0.959256
3.49	0.179323	0.306852	0.923224	0.487548	5.17343
3.5	0.18496	0.306934	0.92148	0.283938	11.5615
3.51	0.193786	0.307084	0.917483	-0.800572	14.7083
3.52	0.184981	0.306923	0.919905	-0.903912	8.04909
3.53	0.174174	0.306655	0.923324	2.42783	14.7172
3.54	0.163437	0.306438	0.930003	1.39296	11.1862
3.55	0.147855	0.306132	0.932138	1.13365	2.68725
3.56	0.136579	0.305891	0.939493	3.39856	-0.624868
3.57	0.126838	0.305707	0.94258	2.009	-3.09153
3.58	0.143909	0.306056	0.926299	0.4922	0.193685
3.59	0.139623	0.305942	0.930759	4.82468	3.39607
3.6	0.14341	0.306059	0.934688	-0.574005	1.35415
3.61	0.129681	0.30578	0.942991	1.21734	-0.938959
3.62	0.142405	0.30607	0.955461	6.45753	-0.894948
3.63	0.151119	0.306282	0.965208	5.18534	-1.8982
3.64	0.159567	0.306466	0.972581	5.06865	-1.24326
3.65	0.17053	0.3067	0.979283	5.80409	0.0905473
3.66	0.16513	0.306585	0.973783	2.57257	-1.20314
3.67	0.175416	0.306807	0.971496	-1.24631	-0.0985526
3.68	0.196606	0.30721	0.986792	0.965172	7.02573
3.69	0.168407	0.306594	0.979294	-2.51173	4.04764
3.7	0.157504	0.306346	0.972823	-3.89931	2.89151
3.71	0.152874	0.306233	0.982271	-3.22576	2.22874
3.72	0.14775	0.306141	0.980787	-0.126133	1.11286
3.73	0.180802	0.306767	0.987608	2.84513	17.1659
3.74	0.132289	0.30579	0.978004	-1.4253	-0.408015
3.75	0.140091	0.305951	0.992774	-4.46279	2.67702
3.76	0.145716	0.306076	0.98374	-6.52894	2.98718
3.77	0.152288	0.306232	0.998868	-1.17674	3.67115
3.78	0.139639	0.305965	0.997349	2.95948	0.0449644
3.79	0.178483	0.306683	0.990436	11.8844	25.6441
3.8	0.163955	0.306424	0.988349	6.28882	10.0396
3.81	0.169337	0.306532	0.997625	4.48565	10.6459
3.82	0.172602	0.306561	1.01846	3.98291	18.3625
3.83	0.202387	0.307107	1.01767	7.33586	42.1411
3.84	0.194583	0.306984	1.01315	0.490393	34.4318
3.85	0.201081	0.307109	1.02596	2.91624	32.869
3.86	0.187619	0.306847	1.02466	-7.6466	28.4782
3.87	0.158325	0.306308	1.01992	-8.24904	12.7753
3.88	0.186823	0.306796	1.02876	-14.3464	43.6071
3.89	0.166523	0.30647	1.02845	-11.1061	14.8746
3.9	0.160109	0.306367	1.03669	-5.54824	7.00343
3.91	0.170428	0.306521	1.03615	-0.788287	18.8394
3.92	0.160558	0.306312	1.03313	4.11785	15.6037
3.93	0.171379	0.306505	1.04898	5.66675	25.384
3.94	0.15195	0.306119	1.05561	1.53904	16.3599
3.95	0.115425	0.305398	1.05991	0.0344042	0.174036
3.96	0.132212	0.305758	1.06498	5.66283	1.87884
3.97	0.138501	0.305868	1.06484	6.91197	5.29015
3.98	0.149631	0.306091	1.05601	5.6083	9.62403
3.99	0.13988	0.30592	1.065	4.89558	3.03943
4	0.139574	0.305915	1.07387	4.90979	6.12087
4.01	0.166806	0.3064	1.06182	4.32421	28.1123
4.02	0.165054	0.306444	1.05707	1.09063	13.0611
4.03	0.161991	0.306367	1.06312	4.62507	12.0286
4.04	0.164663	0.306417	1.06969	3.54204	12.2819
4.05	0.169616	0.306486	1.07122	0.420762	19.7251
4.06	0.158638	0.306288	1.08181	4.75648	11.6818
4.07	0.182092	0.306721	1.0952	-1.94282	27.449
4.08	0.167733	0.306492	1.09031	6.39472	11.5026
4.09	0.159286	0.306292	1.09432	-3.47023	15.736
4.1	0.148924	0.306049	1.10241	-4.17894	24.3264
4.11	0.13102	0.305754	1.10641	-0.0290458	0.171462
4.12	0.143548	0.306	1.11317	0.00660773	5.11842
4.13	0.140282	0.305944	1.11576	1.69834	2.74365
4.14	0.1477	0.306103	1.11472	4.14694	4.54382
4.15	0.174183	0.30663	1.13248	4.35154	13.1176
4.16	0.157318	0.306251	1.11913	4.40744	11.7167
4.17	0.143482	0.305986	1.11912	1.75091	4.90033
4.18	0.151142	0.306075	1.1037	-4.03639	21.0114
4.19	0.168192	0.306447	1.09922	2.14171	21.8585
4.2	0.18772	0.306905	1.1054	2.16375	19.8486
4.21	0.2587	0.308251	1.11694	7.76771	73.1915
4.22	0.252022	0.308158	1.11784	2.55323	55.4172
4.23	0.209651	0.307337	1.11253	5.94786	30.2896
4.24	0.203628	0.307251	1.11526	7.32443	25.7079
4.25	0.254666	0.308187	1.11396	7.09004	79.9501
4.26	0.220109	0.307614	1.10573	4.12312	18.2281
4.27	0.185555	0.306893	1.09893	6.61995	14.4818
4.28	0.168005	0.30655	1.09725	7.40776	9.78952
4.29	0.144862	0.306086	1.08801	3.05168	2.1967
4.3	0.151055	0.306197	1.08553	-0.773489	7.06466
4.31	0.135808	0.30587	1.07555	-1.39947	2.51931
4.32	0.149264	0.306134	1.07484	0.675439	7.13174
4.33	0.156356	0.306241	1.07525	-0.188047	15.1996
4.34	0.145817	0.306075	1.08363	0.352708	2.93246
4.35	0.122936	0.305578	1.08107	-0.367425	-0.635233
4.36	0.127183	0.305676	1.08002	0.732082	-0.649739
4.37	0.134226	0.305819	1.08193	0.833652	1.33347
4.38	0.127198	0.305633	1.08595	-1.21383	3.96652
4.39	0.130124	0.305699	1.09873	2.42964	4.59558
4.4	0.140359	0.305927	1.10208	-2.03405	5.55522
4.41	0.142472	0.305998	1.10908	-0.631749	1.8565
4.42	0.152432	0.306191	1.11015	-0.605634	9.23051
4.43	0.133328	0.305802	1.10099	-0.372117	2.68545
4.44	0.126067	0.305667	1.09159	3.02832	-0.826068
4.45	0.134586	0.305844	1.09921	2.38421	1.51284
4.46	0.133529	0.305821	1.10296	3.31033	0.642638
4.47	0.144967	0.306047	1.09981	-0.100063	4.85745
4.48	0.141601	0.305978	1.09201	0.100594	2.83962
4.49	0.163978	0.306416	1.08461	2.17891	14.0603
4.5	0.15245	0.306173	1.08822	4.55171	11.844
4.51	0.138631	0.305923	1.08318	2.51845	1.73949
4.52	0.156492	0.306265	1.09028	-1.16296	10.1245
4.53	0.191694	0.306968	1.099	-2.41739	26.9387
4.54	0.1638	0.306421	1.10801	-0.939863	10.5354
4.55	0.182493	0.306781	1.11757	-2.92525	19.7122
4.56	0.193055	0.306998	1.10391	-0.279312	22.3534
4.57	0.209361	0.307353	1.12677	1.69131	23.317
4.58	0.187971	0.306958	1.11898	-0.113631	12.3056
4.59	0.193053	0.30701	1.11661	4.98585	25.679
4.6	0.167557	0.306523	1.10992	5.2201	8.39272
4.61	0.155042	0.306294	1.10824	3.16445	2.74709
4.62	0.154185	0.306276	1.10214	0.510821	1.01616
4.63	0.147436	0.306108	1.09688	1.82634	2.68009
4.64	0.135704	0.305888	1.07728	0.814358	-1.51912
4.65	0.142151	0.306007	1.0839	0.374708	2.42806
4.66	0.171972	0.30663	1.07473	0.0219276	8.31386
4.67	0.174109	0.306667	1.07733	-1.88801	9.60949
4.68	0.181481	0.306818	1.07571	-6.50626	9.35324
4.69	0.16505	0.306449	1.09116	-7.62676	10.9509
4.7	0.151538	0.306145	1.09099	-8.06514	15.3231
4.71	0.137328	0.305856	1.09325	-7.14216	7.55342
4.72	0.115765	0.305445	1.11299	-3.13288	-1.15357
4.73	0.123268	0.305617	1.12169	-3.34865	-1.51846
4.74	0.144067	0.306017	1.12558	-6.41435	6.80617
4.75	0.136388	0.305868	1.12961	-4.891	5.76685
4.76	0.13819	0.305909	1.1285	-1.90505	2.77506
4.77	0.13908	0.305938	1.12267	-0.419404	1.4463
4.78	0.148904	0.306138	1.13247	1.7457	5.06678
4.79	0.143512	0.306038	1.13981	2.22395	2.41328
4.8	0.131346	0.305787	1.14688	3.38345	-0.967739
4.81	0.137423	0.30592	1.14248	2.35017	-0.612401
4.82	0.130977	0.305773	1.1436	3.18277	-1.71983
4.83	0.1469	0.306063	1.14402	4.81343	6.02466
4.84	0.127394	0.305675	1.1402	1.08803	0.275861
4.85	0.13498	0.305844	1.1451	0.607182	0.730147
4.86	0.134385	0.305825	1.14659	0.0766825	0.592611
4.87	0.152048	0.306171	1.1624	-0.908163	8.71347
4.88	0.159608	0.306337	1.16662	1.98832	10.4153
4.89	0.161909	0.306396	1.16559	1.09907	8.1633
4.9	0.147945	0.306093	1.16264	2.52896	5.06848
4.91	0.148879	0.306116	1.16645	5.54506	4.42904
4.92	0.145311	0.306009	1.16356	1.51223	7.87995
4.93	0.141172	0.305935	1.17715	2.35161	5.3
4.94	0.147983	0.306077	1.19201	0.500503	8.17394
4.95	0.168433	0.306428	1.1997	-2.83263	30.9436
4.96	0.161093	0.306317	1.19882	-1.02355	15.0277
4.97	0.136752	0.305848	1.18387	1.11788	4.04435
4.98	0.151605	0.30617	1.19094	2.77032	7.00158
4.99	0.147144	0.306084	1.20705	0.114345	5.16229
5	0.151577	0.306133	1.20388	1.00155	10.8559
5.01	0.143942	0.306027	1.20981	1.71404	1.99231
5.02	0.143651	0.305999	1.21728	1.15885	6.5831
5.03	0.152369	0.306154	1.22888	-0.344606	14.0822
5.04	0.15036	0.306108	1.24027	-1.78713	11.3716
5.05	0.156818	0.306223	1.2398	-2.13505	15.7825
5.06	0.12439	0.305612	1.24317	1.03276	-0.705134
5.07	0.146772	0.306037	1.25439	-3.56085	10.5756
5.08	0.166341	0.306418	1.26932	4.79584	17.1935
5.09	0.166214	0.306465	1.2886	4.44012	9.7158
5.1	0.172413	0.306558	1.29043	4.15831	14.8558
5.11	0.1596	0.306286	1.28477	1.96605	10.8972
5.12	0.180783	0.306684	1.27763	4.30762	24.7042
5.13	0.173419	0.306575	1.28122	11.1658	11.4546
5.14	0.172688	0.306573	1.27731	8.62583	7.53291
5.15	0.167984	0.306491	1.2696	7.56639	7.50369
5.16	0.163037	0.306337	1.27179	6.39403	15.9085
5.17	0.153933	0.306177	1.26887	8.77568	5.73023
5.18	0.148677	0.306077	1.25629	6.03334	6.57743
5.19	0.140738	0.305899	1.25901	3.45091	6.61131
5.2	0.14106	0.305916	1.26116	0.607698	4.83999
5.21	0.135941	0.305776	1.24884	-5.01351	9.28206
5.22	0.125318	0.305584	1.26198	-4.28964	2.73691
5.23	0.132499	0.305738	1.26721	-4.91364	4.2749
5.24	0.134156	0.305744	1.2766	-3.14532	7.11398
5.25	0.122732	0.305501	1.27104	-0.804937	5.24352
5.26	0.123959	0.305541	1.27676	2.7784	4.29749
5.27	0.126079	0.305605	1.28174	3.25617	2.76414
5.28	0.129593	0.305663	1.26892	4.98368	4.55454
5.29	0.142963	0.305941	1.2798	4.50902	8.06137
5.3	0.146041	0.30599	1.28039	5.76852	11.4855
5.31	0.13719	0.305811	1.27989	4.06364	10.6117
5.32	0.131265	0.305694	1.27286	6.31779	10.1167
5.33	0.139289	0.30588	1.26364	6.72338	8.80293
5.34	0.176747	0.306572	1.2653	5.73437	41.6344
5.35	0.144969	0.305987	1.27357	5.843	12.7215
5.36	0.1331	0.30578	1.27705	5.98949	2.44182
5.37	0.130369	0.305726	1.28349	6.81317	0.598513
5.38	0.118606	0.305461	1.26366	6.25826	-0.464348
5.39	0.139119	0.305883	1.28408	4.82218	4.48438
5.4	0.132996	0.305732	1.28312	5.76433	5.7675
5.41	0.132159	0.305712	1.27791	3.14208	5.80304
5.42	0.12343	0.305545	1.27337	2.76699	2.6432
5.43	0.118651	0.305473	1.27421	4.55112	-0.634976
5.44	0.137631	0.305864	1.28197	6.33092	2.96708
5.45	0.145094	0.306047	1.2962	9.27727	2.58174
5.46	0.127284	0.305678	1.29484	8.39153	-0.833999
5.47	0.121217	0.305549	1.28768	7.29932	-1.06206
5.48	0.134621	0.305821	1.29877	7.12434	1.82221
5.49	0.12841	0.305682	1.30322	7.50338	1.2961
5.5	0.133134	0.305741	1.29529	7.59364	10.2091
5.51	0.139976	0.305871	1.30532	8.49473	14.1803
5.52	0.133802	0.305787	1.31414	5.22444	3.65097
5.53	0.129758	0.305726	1.31698	-0.691344	-0.155136
5.54	0.13694	0.305871	1.30333	1.76879	1.67899
5.55	0.131031	0.305761	1.31124	2.45884	-0.770472
5.56	0.128439	0.305652	1.31678	3.28844	5.41829
5.57	0.133276	0.305778	1.30655	-0.299792	2.5151
5.58	0.142715	0.305947	1.30115	0.633296	6.24018
5.59	0.131671	0.305762	1.30158	1.33951	0.451077
5.6	0.119518	0.305513	1.30174	-0.937804	-1.46781
5.61	0.159368	0.306309	1.31129	0.0644056	12.0007
5.62	0.153472	0.306181	1.30123	-0.527158	9.23084
5.63	0.160334	0.306323	1.30647	-0.144962	11.1499
5.64	0.138684	0.3059	1.30611	4.74853	3.686
5.65	0.134469	0.305795	1.29468	6.38701	3.29343
5.66	0.139205	0.30587	1.29456	8.18133	8.82317
5.67	0.133657	0.305752	1.31666	6.23134	6.94641
5.68	0.143197	0.305957	1.33392	2.82106	7.24653
5.69	0.154297	0.30619	1.35389	-1.15512	10.5514
5.7	0.139477	0.305907	1.35286	-0.634304	2.78497
5.71	0.140284	0.305923	1.36473	-0.392486	3.41478
5.72	0.150725	0.306118	1.37076	1.98097	7.87593
5.73	0.161922	0.306402	1.36783	1.08418	4.31421
5.74	0.175168	0.306654	1.37816	3.63676	12.9354
5.75	0.143242	0.306027	1.35551	1.87495	0.101754
5.76	0.146585	0.306047	1.35383	1.21059	6.62737
5.77	0.144394	0.305994	1.35716	-2.73172	6.20651
5.78	0.152882	0.306172	1.34769	-1.27309	8.48909
5.79	0.166737	0.306472	1.36595	6.46791	10.6218
5.8	0.163959	0.306445	1.37659	-1.51354	5.51226
5.81	0.175841	0.306719	1.39216	-2.47801	6.44395
5.82	0.184523	0.30689	1.40483	-2.34123	11.1198
5.83	0.180123	0.306835	1.40405	-4.63945	4.77278
5.84	0.19034	0.307053	1.4158	-4.95307	7.18299
5.85	0.187405	0.30697	1.41584	1.71118	9.9397
5.86	0.210277	0.307437	1.41377	1.72528	19.8312
5.87	0.188622	0.30697	1.41096	-0.138369	14.4428
5.88	0.219059	0.307505	1.39653	2.56517	48.7788
5.89	0.178667	0.30677	1.38703	-0.160601	11.8649
5.9	0.175191	0.306703	1.41548	3.58317	10.3051
5.91	0.180473	0.306801	1.41612	1.24605	12.8849
5.92	0.205817	0.307252	1.41741	-0.288423	34.167
5.93	0.217101	0.307466	1.42391	2.77688	36.4179
5.94	0.201224	0.307153	1.41853	6.41895	27.8409
5.95	0.168991	0.306544	1.39609	3.38591	9.08638
5.96	0.188646	0.306916	1.40956	7.63157	23.3752
5.97	0.170786	0.306543	1.41	9.7427	16.7618
5.98	0.136933	0.305845	1.40852	1.9456	5.26211
5.99	0.120988	0.305525	1.41384	2.28685	-0.0317694
6	0.137413	0.30584	1.42927	6.10959	8.59012
6.01	0.153788	0.306204	1.42687	9.77014	7.26394
6.02	0.181186	0.306749	1.43892	3.49668	14.6109
6.03	0.159229	0.306341	1.4546	-0.668178	5.34639
6.04	0.158844	0.306256	1.4482	0.690882	21.7073
6.05	0.173256	0.306534	1.43814	2.02343	28.1933
6.06	0.154985	0.306234	1.43522	-5.37475	5.33469
6.07	0.144151	0.306014	1.44633	-3.3406	4.02577
6.08	0.149668	0.306129	1.4527	-4.96699	4.276
6.09	0.124518	0.305601	1.45977	-4.92531	-0.612267
6.1	0.122906	0.305554	1.45313	-4.01653	0.278513
6.11	0.15383	0.306198	1.46944	-5.84656	8.49707
6.12	0.144611	0.305992	1.47272	-1.80532	8.25761
6.13	0.133871	0.30577	1.46957	-2.15884	4.74089
6.14	0.127851	0.305651	1.49031	0.0649627	1.36701
6.15	0.110944	0.305294	1.50639	1.93925	-0.779166
6.16	0.102932	0.305152	1.50686	-1.06177	-3.90535
6.17	0.114145	0.305392	1.50681	-2.04436	-2.27597
6.18	0.111114	0.305322	1.51364	-2.11891	-2.1701
6.19	0.129622	0.305715	1.52418	-0.50235	0.70795
6.2	0.158822	0.306301	1.54348	1.57869	11.8399
6.21	0.155045	0.306244	1.55199	1.07537	7.60011
6.22	0.141611	0.305985	1.54535	0.622868	2.82708
6.23	0.161201	0.306345	1.5554	-0.102116	15.21
6.24	0.161476	0.306421	1.54452	-2.65529	4.9491
6.25	0.16781	0.306531	1.5489	-3.63838	9.46977
6.26	0.17098	0.306624	1.5512	1.04542	6.81911
6.27	0.159872	0.306401	1.54921	5.1137	1.2263
6.28	0.16774	0.306551	1.5543	6.1892	6.16897
6.29	0.182598	0.306843	1.57024	4.95597	10.4295
6.3	0.165497	0.306505	1.55155	7.14078	4.57392
6.31	0.175456	0.306692	1.5519	7.40905	9.89551
6.32	0.168823	0.306538	1.55663	5.62657	9.51034
6.33	0.161635	0.306397	1.55636	3.32342	6.46932
6.34	0.175504	0.306671	1.54926	1.75176	14.3842
6.35	0.15467	0.306277	1.54603	1.45207	5.20281
6.36	0.147782	0.306135	1.53843	-1.66666	3.04451
6.37	0.140265	0.305969	1.54178	-0.267108	1.42568
6.38	0.143767	0.306038	1.53873	5.34835	2.14665
6.39	0.147578	0.306072	1.54002	-2.56574	9.61349
6.4	0.150567	0.306179	1.54023	1.26629	3.97031
6.41	0.167809	0.306542	1.5623	1.56396	7.70702
6.42	0.160105	0.306361	1.55993	0.267658	8.87619
6.43	0.170686	0.306591	1.55729	-0.106677	9.51
6.44	0.167775	0.306538	1.54704	0.636522	5.95472
6.45	0.179228	0.306757	1.55283	1.37245	12.9321
6.46	0.18221	0.30683	1.53902	8.75771	10.3073
6.47	0.174166	0.306666	1.53041	9.96251	9.11908
6.48	0.217118	0.307477	1.53435	10.4485	36.4427
6.49	0.183	0.306822	1.54259	12.7136	16.2951
6.5	0.156507	0.306307	1.54527	10.5589	3.55232
6.51	0.17839	0.306762	1.53963	10.7518	12.7837
6.52	0.168482	0.306599	1.54111	13.3054	3.87699
6.53	0.146695	0.306136	1.54862	7.87424	0.509593
6.54	0.149611	0.306206	1.54972	5.54637	0.334767
6.55	0.168952	0.30659	1.56205	5.09147	6.12634
6.56	0.166428	0.306529	1.56263	7.50879	6.83806
6.57	0.180164	0.306828	1.55696	7.58811	7.10624
6.58	0.213904	0.30745	1.55317	11.1039	38.9459
6.59	0.184503	0.306857	1.55749	13.5092	24.7702
6.6	0.164796	0.30648	1.55377	7.99214	10.5532
6.61	0.170371	0.306597	1.5703	8.06731	11.0811
6.62	0.176163	0.306743	1.57594	9.75374	8.32657
6.63	0.22919	0.307801	1.57689	16.9208	31.2786
6.64	0.196005	0.30714	1.56121	7.96	15.6562
6.65	0.187868	0.306963	1.56872	4.62841	15.2199
6.66	0.165749	0.306507	1.56365	1.96929	6.56529
6.67	0.199422	0.307112	1.5702	-7.65745	45.0015
6.68	0.197882	0.307175	1.57609	-10.7684	15.2092
6.69	0.18537	0.306955	1.58111	-4.58306	5.87114
6.7	0.196938	0.307159	1.59389	-13.8176	14.5453
6.71	0.199317	0.307199	1.59939	-9.0577	18.0781
6.72	0.173677	0.306723	1.60368	-3.78327	2.22569
6.73	0.173677	0.306682	1.5998	0.179442	8.6804
6.74	0.167015	0.306517	1.58726	-4.67092	12.2083
6.75	0.164906	0.306515	1.60661	-2.31639	4.24549
6.76	0.161062	0.306413	1.6162	-2.6024	5.55601
6.77	0.169424	0.306589	1.6151	2.48034	5.40362
6.78	0.161899	0.306432	1.61833	1.18588	3.90358
6.79	0.191934	0.307015	1.62052	-5.05543	14.6179
6.8	0.165183	0.306485	1.62662	-5.8193	7.92179
6.81	0.178627	0.30673	1.61887	-7.61032	17.8746
6.82	0.153191	0.30623	1.62028	-0.751438	3.31491
6.83	0.144835	0.30607	1.64323	1.78305	1.22386
6.84	0.158602	0.306352	1.65254	0.811076	3.56012
6.85	0.154341	0.306266	1.65275	2.45668	2.50571
6.86	0.155904	0.306294	1.6522	5.95451	3.80517
6.87	0.146197	0.30612	1.65311	7.05665	0.796223
6.88	0.154616	0.30631	1.64918	5.2655	2.46323
6.89	0.143257	0.306066	1.63363	2.89325	-0.189812
6.9	0.146736	0.306112	1.62085	4.02496	3.27785
6.91	0.196263	0.30707	1.62619	11.2154	28.9604
6.92	0.167224	0.306524	1.60262	9.17399	10.9416
6.93	0.142397	0.306022	1.59728	5.09316	2.05718
6.94	0.152003	0.306229	1.61062	2.69372	3.67546
6.95	0.167816	0.306572	1.61043	1.64013	5.10489
6.96	0.199762	0.307219	1.60638	-3.49441	16.3747
6.97	0.196915	0.307184	1.60366	-1.49012	11.9367
6.98	0.204517	0.30733	1.61709	2.86024	20.5583
6.99	0.23388	0.307894	1.60368	0.644658	35.3882
7	0.245702	0.308193	1.60658	3.03095	26.5869
7.01	0.242508	0.308133	1.63496	-7.15569	20.3815
7.02	0.272138	0.30866	1.63409	-9.60592	43.2044
7.03	0.257953	0.308373	1.64004	-9.64688	37.232
7.04	0.283626	0.308908	1.66971	-7.28954	44.4441
7.05	0.231169	0.30789	1.66877	-8.3788	22.0204
7.06	0.230001	0.307861	1.6697	-1.21163	19.6668
7.07	0.261355	0.308444	1.67007	4.51418	45.9073
7.08	0.230148	0.307827	1.66051	2.80295	23.8739
7.09	0.242767	0.308035	1.65196	5.9434	42.7806
7.1	0.198347	0.307184	1.63422	2.47352	15.9982
7.11	0.201292	0.307192	1.62006	-1.61835	28.0679
7.12	0.223428	0.307543	1.61642	-6.2191	78.8229
7.13	0.170009	0.306591	1.62083	2.49584	9.38928
7.14	0.162862	0.30647	1.6306	7.19262	3.34016
7.15	0.142149	0.306046	1.61744	3.37237	-1.52074
7.16	0.164547	0.306506	1.63913	4.29018	3.60356
7.17	0.148595	0.306184	1.62559	7.84322	1.06122
7.18	0.147724	0.306185	1.62118	7.30218	-0.883914
7.19	0.157105	0.306358	1.61923	9.05117	1.63789
7.2	0.149901	0.30623	1.61354	9.63894	-1.21516
7.21	0.157508	0.306393	1.61944	9.91457	0.450783
7.22	0.194495	0.30713	1.62562	14.8162	17.2701
7.23	0.20568	0.307389	1.62511	13.7304	12.3733
7.24	0.224294	0.307731	1.6074	15.0621	25.8411
7.25	0.184316	0.30692	1.59976	7.05647	9.1508
7.26	0.188449	0.306985	1.58502	4.06368	14.9709
7.27	0.177283	0.30679	1.61168	2.02643	5.51589
7.28	0.195595	0.307173	1.61878	-1.0875	9.40444
7.29	0.242961	0.308023	1.63512	-3.59681	50.9386
7.3	0.17965	0.306811	1.60648	1.38706	11.3846
7.31	0.171454	0.306609	1.60205	1.21768	15.5638
7.32	0.191758	0.307038	1.58228	-1.30986	13.7165
7.33	0.171685	0.306628	1.57368	0.590487	10.6889
7.34	0.2004	0.307163	1.56603	-5.58383	23.9923
7.35	0.166486	0.306479	1.55988	-1.35185	8.57786
7.36	0.171798	0.306591	1.56341	2.91599	10.2811
7.37	0.130476	0.305748	1.56591	3.11097	-0.856752
7.38	0.141927	0.305957	1.58779	-1.36364	6.81242
7.39	0.150651	0.306117	1.60127	-4.39522	15.9918
7.4	0.135436	0.3058	1.59472	-3.32662	13.7759
7.41	0.143145	0.305972	1.59565	-5.21177	15.7988
7.42	0.169519	0.306494	1.59457	-5.30378	25.9565
7.43	0.14699	0.306116	1.59142	1.58116	2.07929
7.44	0.154571	0.306269	1.60008	-0.745819	3.34365
7.45	0.157534	0.306345	1.59926	0.0797553	2.18949
7.46	0.139173	0.305951	1.5823	-0.564562	-0.204541
7.47	0.141848	0.305981	1.58975	-1.13701	3.41044
7.48	0.175576	0.306583	1.60106	3.78024	31.9662
7.49	0.170809	0.306515	1.60005	-3.82128	23.0221
7.5	0.149533	0.3061	1.6092	-3.97923	9.71285
7.51	0.157536	0.306252	1.61066	-1.50447	13.1115
7.52	0.143714	0.305952	1.60084	-0.1344	11.7287
7.53	0.175961	0.306608	1.6081	0.458986	22.758
7.54	0.152081	0.30613	1.61568	3.0415	15.2036
7.55	0.144094	0.305943	1.59696	4.40237	11.3588
7.56	0.170793	0.306476	1.58138	-1.92921	22.953
7.57	0.185104	0.30679	1.57989	-3.61599	22.1029
7.58	0.193877	0.306991	1.59749	-0.345095	20.3454
7.59	0.202183	0.307114	1.6099	-5.10212	33.7561
7.6	0.181111	0.306736	1.62277	-4.96281	16.1502
7.61	0.170578	0.306543	1.62009	-6.82057	11.9779
7.62	0.172809	0.306571	1.61247	-7.71542	15.7595
7.63	0.16262	0.306378	1.61525	-2.49671	10.187
7.64	0.176946	0.306663	1.62106	0.991149	17.4338
7.65	0.163205	0.306353	1.61379	-3.76464	22.2782
7.66	0.140116	0.305944	1.62038	-2.10906	2.3122
7.67	0.134423	0.305834	1.62148	-3.03693	0.511768
7.68	0.136882	0.305888	1.61476	-1.06902	0.40451
7.69	0.150976	0.306124	1.62285	-0.691425	12.405
7.7	0.172265	0.306521	1.62423	1.25476	34.9788
7.71	0.1867	0.306872	1.64054	3.48589	25.6808
7.72	0.180727	0.306811	1.65147	4.15621	10.0425
7.73	0.150976	0.306192	1.65662	2.42926	3.64979
7.74	0.153443	0.306253	1.64684	5.61325	3.05728
7.75	0.157483	0.306319	1.62583	1.65645	7.03578
7.76	0.15773	0.306295	1.63421	3.73641	8.46161
7.77	0.145455	0.306056	1.63054	0.608673	4.58921
7.78	0.138942	0.30595	1.6321	-2.96135	-0.261903
7.79	0.176093	0.306696	1.63436	-5.97948	11.6308
7.8	0.180185	0.306808	1.65555	-2.0353	8.69918
7.81	0.178865	0.306751	1.64541	1.52305	11.6385
7.82	0.187421	0.306921	1.65153	-4.21311	16.5648
7.83	0.172903	0.30663	1.66709	-9.39915	14.8256
7.84	0.161976	0.306435	1.66615	-4.45824	6.03199
7.85	0.167203	0.306482	1.68287	-6.39279	19.4774
7.86	0.167061	0.306533	1.69149	-3.82984	7.05372
7.87	0.167339	0.306542	1.68462	-0.976598	6.10674
7.88	0.179171	0.3068	1.68659	-2.45133	8.44217
7.89	0.169476	0.306625	1.67047	-1.25475	3.33629
7.9	0.178085	0.306799	1.66373	-3.84126	6.11411
7.91	0.199511	0.307206	1.69166	4.3786	15.4534
7.92	0.200463	0.307249	1.68622	-5.80199	11.9896
7.93	0.180808	0.306861	1.67438	-1.819	3.17891
7.94	0.204189	0.307262	1.67756	-3.24214	25.9296
7.95	0.174327	0.306709	1.67005	-0.709435	3.63978
7.96	0.186392	0.306894	1.66832	-1.8597	13.4082
7.97	0.181195	0.30677	1.66308	2.85777	14.5662
7.98	0.180927	0.306765	1.65048	-2.7332	12.4311
7.99	0.199612	0.307093	1.64695	-6.0587	29.2571
8	0.210128	0.307381	1.6554	-5.22731	23.8924
